                Foam      70     2  13  11    2020  17     370
                Foam      70     2  13  11    2020   5     370
                Soap      21     1  14   5    2019  32     482
                Soap      21     1  14   5    2019  16     482
                Soap      68     1  20   2    2019  74     809
                Soap      68     1  20   2    2019  17     809
               Juice      91     3   4  12    2022  94       9
               Juice      91     3   4  12    2022  16       9
                Soap      71     1  24   9    2019  16     522
                Soap      71     1  24   9    2019   6     522
               Juice      37     1  10  12    2022  20      19
               Juice      37     1  10  12    2022   4      19
                Soap      21     1  14   5    2019  16     482
                Soap      21     1  14   5    2019   4     482
                Cake      26     2  10  12    2022  36      10
                Cake      26     2  10  12    2022  15      10
                Soap      23     2   2  10    2018  28     930
                Soap      23     2   2  10    2018   8     930
               Spray      98     1  15   1    2021 857     424
               Spray      98     1  15   1    2021 639     424
               Spray      98     1  15   1    2021 639     424
               Spray      98     1  15   1    2021 178     424
               Spray      98     1  15   1    2021 997     424
               Spray      98     1  15   1    2021 293     424
               Spray      98     1  15   1    2021 293     424
               Spray      98     1  15   1    2021  70     424
               Spray      98     1  15   1    2021 178     424
               Spray      98     1  15   1    2021  62     424
               Spray      98     1  15   1    2021  70     424
               Spray      98     1  15   1    2021  50     424
               Spray      98     1  15   1    2021  62     424
               Spray      98     1  15   1    2021  37     424
               Spray      98     1  15   1    2021  37     424
               Spray      98     1  15   1    2021  24     424
               Spray      98     1  15   1    2021  24     424
               Spray      98     1  15   1    2021   1     424
               Spray      98     1  15   1    2021   1     424
               Spray      98     1  15   1    2021   1     424
