               Spray      98     1  15   1    2021 997     424
               Spray      98     1  15   1    20211190     424
               Spray      98     1  15   1    2021 857     424
               Spray      98     1  15   1    2021 973     424
               Spray      98     1  15   1    2021 973     424
               Spray      98     1  15   1    20211153     424
               Spray      98     1  15   1    20211190     424
               Spray      98     1  15   1    20211290     424
               Spray      98     1  15   1    20211153     424
               Spray      98     1  15   1    20211342     424
               Spray      98     1  15   1    20211290     424
               Spray      98     1  15   1    20211429     424
