               Apple      59     2  13  12    2022  80       9
               Juice      17     3  30  12    2022  62      13
                Foam      27     3  13   3    2019  63     873
               Apple     100     3  29  12    2022  21      18
                Cake     100     3  30  12    2022  36      14
                Foam     100     2  15   8    2018  34     543
               Spray      56     4   8   7    2021  13     898
               Spray      77     2  15   6    2018  28     839
               Spray      63     4   8   7    2021   6     790
                Soap      74     4   7   6    2018  50     901
               Juice       1     2   4  12    2022  82      13
                Cake      90     3  25  12    2022   1      17
                Foam      38     1  27   6    2021  91     695
               Spray      40     4  25   6    2018  38     811
               Juice      83     4  12  12    2022  33       3
                Foam      87     3  17   3    2021  30     900
               Juice      97     3  21  12    2022  65      11
                Cake      24     4  26  12    2022 100       5
                Cake      39     1   7  12    2022  71      16
               Apple      16     2  29  12    2022  61      16
               Apple      59     2  13  12    2022  80       9
               Juice      17     3  30  12    2022  62      13
                Foam      27     3  13   3    2019 330     873
               Apple     100     3  29  12    2022  21      18
                Cake     100     3  30  12    2022 214      14
                Foam     100     2  15   8    2018  34     543
               Spray      56     4   8   7    2021 130     898
               Spray      77     2  15   6    2018 179     839
               Spray      63     4   8   7    2021   6     790
                Soap      74     4   7   6    2018 183     901
               Juice       1     2   4  12    2022  82      13
                Cake      90     3  25  12    2022   1      17
                Foam      38     1  27   6    2021  91     695
               Spray      40     4  25   6    2018  38     811
               Juice      83     4  12  12    2022  33       3
                Foam      87     3  17   3    2021 215     900
               Juice      97     3  21  12    2022  65      11
                Cake      24     4  26  12    2022 100       5
                Cake      39     1   7  12    2022  71      16
               Apple      16     2  29  12    2022 191      16
                Cake      83     3  15  12    2022 311      12
                Foam      70     2  13  11    2020 162     370
                Foam      96     3  15   2    2021 132     980
               Spray      98     3  15   2    2020 308     467
                Cake      10     2  18  12    2022 270       4
                Foam       1     2   6   1    2018  12     778
               Juice      99     4   4  12    2022  60      19
               Juice      37     1  10  12    2022   4      19
                Soap      21     1  14   5    2019   4     482
               Juice      91     3   4  12    2022  16       9
                Soap      68     1  20   2    2019  17     809
                Soap      71     1  24   9    2019   6     522
               Spray      98     1  15   1    2021 378     424
                Foam      53     3  25   1    2020  31     795
                Foam      45     2  13   9    2020  78     803
                Cake      95     4   1  12    2022  67      10
                Cake      27     1  23  12    2022  15       6
                Soap      93     3  28  11    2019  12     561
                Soap      23     2   2  10    2018 147     930
                Cake      26     2  10  12    2022  15      10
